 8.00000000e+00
 -7.00000000e+00
 1.00000000e+00
 -2.00000000e+00
 4.00000000e+00
 2.00000000e+00
 1.82000000e+02
 9.60000000e+01
 -3.87000000e+02
 -1.40000000e+02
 -2.04700000e+03
 -1.96100000e+03
 -1.52900000e+03
 -6.33000000e+02
 1.65300000e+03
 2.04700000e+03
 7.01000000e+02
 2.04700000e+03
 2.04700000e+03
 2.04700000e+03
 -2.04700000e+03
 2.04700000e+03
 2.04700000e+03
 7.10000000e+02
 -2.04700000e+03
 -2.04700000e+03
 2.04700000e+03
 2.04700000e+03
 2.04700000e+03
 -2.04700000e+03
 -2.04700000e+03
 -2.04700000e+03
 -2.04700000e+03
 -2.04700000e+03
 -1.34700000e+03
 -2.04700000e+03
 -2.04700000e+03
 -2.04700000e+03
 -1.42500000e+03
 -8.40000000e+02
 -9.74000000e+02
 -7.27000000e+02
 -4.38000000e+02
 7.65000000e+02
 2.04700000e+03
 2.04700000e+03
 1.76200000e+03
 1.09100000e+03
 6.45000000e+02
 3.01000000e+02
 8.20000000e+01
 2.37000000e+02
 5.16000000e+02
 1.03300000e+03
 1.40400000e+03
 1.31100000e+03
 9.84000000e+02
 6.73000000e+02
 6.55000000e+02
 9.52000000e+02
 1.16900000e+03
 1.14900000e+03
 8.91000000e+02
 5.42000000e+02
 3.55000000e+02
 4.22000000e+02
 6.51000000e+02
 8.69000000e+02
 8.94000000e+02
 7.21000000e+02
 4.55000000e+02
 2.96000000e+02
 2.96000000e+02
 3.97000000e+02
 5.04000000e+02
 5.03000000e+02
 4.10000000e+02
 3.21000000e+02
 2.99000000e+02
 3.00000000e+02
 2.77000000e+02
 1.53000000e+02
 0.00000000e+00
 -9.30000000e+01
 -7.30000000e+01
 3.70000000e+01
 1.37000000e+02
 1.57000000e+02
 1.22000000e+02
 8.20000000e+01
 7.80000000e+01
 8.70000000e+01
 7.60000000e+01
 2.70000000e+01
 -4.20000000e+01
 -9.40000000e+01
 -1.18000000e+02
 -1.20000000e+02
 -1.17000000e+02
 -1.05000000e+02
 -7.40000000e+01
 -3.30000000e+01
 -6.00000000e+00
 -6.00000000e+00
 -4.80000000e+01
 -8.50000000e+01
 -9.90000000e+01
 -8.10000000e+01
 -5.70000000e+01
 -8.10000000e+01
 -1.25000000e+02
 -1.81000000e+02
 -1.95000000e+02
 -1.49000000e+02
 -7.70000000e+01
 -1.80000000e+01
 2.20000000e+01
 1.40000000e+01
 -1.40000000e+01
 -6.40000000e+01
 -1.10000000e+02
 -1.61000000e+02
 -1.87000000e+02
 -1.85000000e+02
 -1.54000000e+02
 -9.10000000e+01
 -4.80000000e+01
 -3.60000000e+01
 -6.50000000e+01
 -1.12000000e+02
 -1.49000000e+02
 -1.58000000e+02
 -1.44000000e+02
 -1.06000000e+02
 -7.70000000e+01
 -5.70000000e+01
 -2.90000000e+01
 -1.00000000e+01
 3.00000000e+00
 -1.00000000e+01
 -3.70000000e+01
 -7.20000000e+01
 -1.00000000e+02
 -1.12000000e+02
 -1.13000000e+02
 -1.12000000e+02
 -1.09000000e+02
 -8.90000000e+01
 -5.60000000e+01
 -1.70000000e+01
 2.20000000e+01
 2.90000000e+01
 6.00000000e+00
 -3.80000000e+01
 -8.50000000e+01
 -1.13000000e+02
 -1.35000000e+02
 -1.38000000e+02
 -1.18000000e+02
 -9.40000000e+01
 -5.50000000e+01
 -2.80000000e+01
 -9.00000000e+00
 -5.00000000e+00
 -1.40000000e+01
 -1.20000000e+01
 -2.00000000e+00
 1.00000000e+00
 1.40000000e+01
 -4.00000000e+00
 -2.20000000e+01
 -4.50000000e+01
 -4.60000000e+01
 -4.30000000e+01
 -3.90000000e+01
 -2.90000000e+01
 -2.10000000e+01
 -2.90000000e+01
 -2.80000000e+01
 -3.40000000e+01
 -4.00000000e+01
 -5.20000000e+01
 -4.80000000e+01
 -4.20000000e+01
 -3.20000000e+01
 -1.50000000e+01
 -8.00000000e+00
 -7.00000000e+00
 -2.00000000e+00
 -6.00000000e+00
 -1.10000000e+01
 -1.10000000e+01
 -1.20000000e+01
 -1.60000000e+01
 -1.80000000e+01
 -2.80000000e+01
 -3.10000000e+01
 -2.80000000e+01
 -1.80000000e+01
 -6.00000000e+00
 3.00000000e+00
 1.20000000e+01
 1.80000000e+01
 9.00000000e+00
 -3.00000000e+00
 -1.60000000e+01
 -2.40000000e+01
 -2.90000000e+01
 -3.60000000e+01
 -3.50000000e+01
 -2.60000000e+01
 -1.50000000e+01
 -9.00000000e+00
 -4.00000000e+00
 -4.00000000e+00
 -1.10000000e+01
 -1.20000000e+01
 -1.00000000e+01
 -1.00000000e+01
 -1.00000000e+01
 -1.90000000e+01
 -2.10000000e+01
 -2.40000000e+01
 -1.60000000e+01
 -1.10000000e+01
 -5.00000000e+00
 1.00000000e+01
 1.80000000e+01
 2.40000000e+01
 2.40000000e+01
 1.80000000e+01
 1.20000000e+01
 -3.00000000e+00
 -8.00000000e+00
 -1.70000000e+01
 -9.00000000e+00
 -7.00000000e+00
 -9.00000000e+00
 -1.10000000e+01
 -1.80000000e+01
 -8.00000000e+00
 -1.10000000e+01
 -1.10000000e+01
 -1.00000000e+01
 -1.20000000e+01
 -9.00000000e+00
 -8.00000000e+00
 -4.00000000e+00
 -1.00000000e+00
 -1.00000000e+00
 1.00000000e+00
 -1.00000000e+00
 -5.00000000e+00
 6.00000000e+00
 2.00000000e+00
 8.00000000e+00
 1.00000000e+01
 3.00000000e+00
 6.00000000e+00
 -1.00000000e+00
 -3.00000000e+00
 -3.00000000e+00
 -5.00000000e+00
 -7.00000000e+00
 0.00000000e+00
 1.00000000e+00
 3.00000000e+00
 -2.00000000e+00
 4.00000000e+00
 -2.00000000e+00
 -1.10000000e+01
 -5.00000000e+00
 -5.00000000e+00
 -1.60000000e+01
 -1.20000000e+01
 -9.00000000e+00
 -1.10000000e+01
 -1.30000000e+01
 -5.00000000e+00
 -6.00000000e+00
 -5.00000000e+00
 1.00000000e+00
 4.00000000e+00
 0.00000000e+00
 4.00000000e+00
 4.00000000e+00
 6.00000000e+00
 2.00000000e+00
 1.00000000e+01
 9.00000000e+00
 1.50000000e+01
 8.00000000e+00
 1.00000000e+01
 1.00000000e+01
 7.00000000e+00
 1.00000000e+00
 2.00000000e+00
 4.00000000e+00
 -1.00000000e+00
 -5.00000000e+00
 -1.10000000e+01
 -1.50000000e+01
 -1.50000000e+01
 -1.20000000e+01
 -1.10000000e+01
 -8.00000000e+00
 -5.00000000e+00
 -6.00000000e+00
 -4.00000000e+00
 -3.00000000e+00
 -2.00000000e+00
 3.00000000e+00
 3.00000000e+00
 1.10000000e+01
 1.20000000e+01
 2.00000000e+00
 2.00000000e+00
 4.00000000e+00
 2.00000000e+00
 -2.00000000e+00
 -6.00000000e+00
 -7.00000000e+00
 1.00000000e+00
 0.00000000e+00
 1.00000000e+00
 1.50000000e+01
 1.30000000e+01
 1.10000000e+01
 1.20000000e+01
 9.00000000e+00
 3.00000000e+00
 3.00000000e+00
 1.00000000e+00
 -1.00000000e+00
 4.00000000e+00
 3.00000000e+00
 2.00000000e+00
 0.00000000e+00
 -2.00000000e+00
 -5.00000000e+00
 -6.00000000e+00
 -4.00000000e+00
 -5.00000000e+00
 -8.00000000e+00
 -9.00000000e+00
 -5.00000000e+00
 -5.00000000e+00
 -3.00000000e+00
 1.00000000e+00
 2.00000000e+00
 -4.00000000e+00
 2.00000000e+00
 1.00000000e+00
 6.00000000e+00
 4.00000000e+00
 9.00000000e+00
 8.00000000e+00
 9.00000000e+00
 7.00000000e+00
 6.00000000e+00
 0.00000000e+00
 -1.00000000e+00
 -5.00000000e+00
 -1.00000000e+01
 -1.00000000e+01
 -7.00000000e+00
 -1.00000000e+00
 0.00000000e+00
 1.00000000e+00
 1.00000000e+00
 7.00000000e+00
 9.00000000e+00
 4.00000000e+00
 6.00000000e+00
 1.00000000e+00
 6.00000000e+00
 1.00000000e+00
 0.00000000e+00
 8.00000000e+00
 3.00000000e+00
 4.00000000e+00
 3.00000000e+00
 4.00000000e+00
 6.00000000e+00
 8.00000000e+00
 2.00000000e+00
 3.00000000e+00
 4.00000000e+00
 2.00000000e+00
 1.00000000e+00
 -3.00000000e+00
 3.00000000e+00
 -1.00000000e+00
 -5.00000000e+00
 4.00000000e+00
 -3.00000000e+00
 -2.00000000e+00
 1.00000000e+00
 0.00000000e+00
 -1.00000000e+00
 -3.00000000e+00
 -1.00000000e+00
 -3.00000000e+00
 -3.00000000e+00
 -2.00000000e+00
 0.00000000e+00
 1.00000000e+00
 -6.00000000e+00
 -7.00000000e+00
 -2.00000000e+00
 1.00000000e+00
 0.00000000e+00
 2.00000000e+00
 7.00000000e+00
 1.00000000e+00
 8.00000000e+00
 6.00000000e+00
 6.00000000e+00
 -1.00000000e+00
 2.00000000e+00
 -4.00000000e+00
 3.00000000e+00
 5.00000000e+00
 8.00000000e+00
 0.00000000e+00
 8.00000000e+00
 6.00000000e+00
 0.00000000e+00
 5.00000000e+00
 6.00000000e+00
 5.00000000e+00
 8.00000000e+00
 2.00000000e+00
 1.00000000e+00
 5.00000000e+00
 1.00000000e+00
 -3.00000000e+00
 -3.00000000e+00
 -6.00000000e+00
 -8.00000000e+00
 -7.00000000e+00
 -3.00000000e+00
 -4.00000000e+00
 -6.00000000e+00
 3.00000000e+00
 5.00000000e+00
 1.00000000e+00
 6.00000000e+00
 2.00000000e+00
 5.00000000e+00
 0.00000000e+00
 -1.00000000e+00
 3.00000000e+00
 7.00000000e+00
 5.00000000e+00
 -3.00000000e+00
 2.00000000e+00
 8.00000000e+00
 4.00000000e+00
 0.00000000e+00
 -3.00000000e+00
 -4.00000000e+00
 1.00000000e+00
 5.00000000e+00
 3.00000000e+00
 8.00000000e+00
 9.00000000e+00
 9.00000000e+00
 3.00000000e+00
 4.00000000e+00
 -1.00000000e+00
 4.00000000e+00
 1.00000000e+00
 -3.00000000e+00
 2.00000000e+00
 -1.00000000e+00
 2.00000000e+00
 -3.00000000e+00
 -3.00000000e+00
 2.00000000e+00
 -5.00000000e+00
 -1.00000000e+00
 -5.00000000e+00
 6.00000000e+00
 5.00000000e+00
 6.00000000e+00
 -2.00000000e+00
 1.00000000e+00
 8.00000000e+00
 -2.00000000e+00
 3.00000000e+00
 3.00000000e+00
 1.00000000e+00
 5.00000000e+00
 4.00000000e+00
 3.00000000e+00
 9.00000000e+00
 1.00000000e+00
 0.00000000e+00
 0.00000000e+00
 1.00000000e+01
 1.00000000e+01
 1.00000000e+00
 6.00000000e+00
 2.00000000e+00
 6.00000000e+00
 6.00000000e+00
 6.00000000e+00
 6.00000000e+00
 1.00000000e+00
 2.00000000e+00
 -2.00000000e+00
 -8.00000000e+00
 -1.00000000e+00
 9.00000000e+00
 7.00000000e+00
 -1.00000000e+00
 -5.00000000e+00
 -6.00000000e+00
 -8.00000000e+00
 1.00000000e+00
 -3.00000000e+00
 -3.00000000e+00
 4.00000000e+00
 1.00000000e+00
 -5.00000000e+00
 -2.00000000e+00
 7.00000000e+00
 5.00000000e+00
 3.00000000e+00
 4.00000000e+00
 4.00000000e+00
 6.00000000e+00
 3.00000000e+00
 4.00000000e+00
 3.00000000e+00
 5.00000000e+00
 5.00000000e+00
 1.00000000e+00
 -1.00000000e+00
 2.00000000e+00
 -3.00000000e+00
 -1.00000000e+00
 -5.00000000e+00
 0.00000000e+00
 -2.00000000e+00
 -5.00000000e+00
 -4.00000000e+00
 0.00000000e+00
 2.00000000e+00
 1.00000000e+00
 -2.00000000e+00
 -1.00000000e+00
 0.00000000e+00
 -6.00000000e+00
 2.00000000e+00
 0.00000000e+00
 0.00000000e+00
 -1.00000000e+00
 4.00000000e+00
 -2.00000000e+00
 0.00000000e+00
 1.00000000e+00
 3.00000000e+00
 2.00000000e+00
 3.00000000e+00
 4.00000000e+00
 3.00000000e+00
 4.00000000e+00
 6.00000000e+00
 3.00000000e+00
 2.00000000e+00
 3.00000000e+00
 2.00000000e+00
 5.00000000e+00
 0.00000000e+00
 -1.00000000e+00
 2.00000000e+00
 -6.00000000e+00
 -2.00000000e+00
 2.00000000e+00
 -6.00000000e+00
 4.00000000e+00
 3.00000000e+00
 0.00000000e+00
 0.00000000e+00
 4.00000000e+00
 3.00000000e+00
 2.00000000e+00
 5.00000000e+00
 1.00000000e+00
 2.00000000e+00
 1.00000000e+01
 4.00000000e+00
 2.00000000e+00
 8.00000000e+00
 7.00000000e+00
 6.00000000e+00
 0.00000000e+00
 6.00000000e+00
 -4.00000000e+00
 4.00000000e+00
 1.00000000e+00
 3.00000000e+00
 4.00000000e+00
 -2.00000000e+00
 2.00000000e+00
 5.00000000e+00
 2.00000000e+00
 -2.00000000e+00
 -2.00000000e+00
 0.00000000e+00
 1.00000000e+00
 0.00000000e+00
 0.00000000e+00
 -1.00000000e+00
 0.00000000e+00
 -2.00000000e+00
 -2.00000000e+00
 -2.00000000e+00
 1.00000000e+00
 0.00000000e+00
 0.00000000e+00
 -1.00000000e+00
 2.00000000e+00
 9.00000000e+00
 5.00000000e+00
 3.00000000e+00
 3.00000000e+00
 3.00000000e+00
 4.00000000e+00
 2.00000000e+00
 2.00000000e+00
 -2.00000000e+00
 1.00000000e+00
 3.00000000e+00
 4.00000000e+00
 -1.00000000e+00
 6.00000000e+00
 -1.00000000e+00
 5.00000000e+00
 1.00000000e+00
 1.00000000e+00
 6.00000000e+00
 -2.00000000e+00
 -7.00000000e+00
 -3.00000000e+00
 -3.00000000e+00
 -5.00000000e+00
 -2.00000000e+00
 1.00000000e+00
 2.00000000e+00
 -1.00000000e+00
 -3.00000000e+00
 0.00000000e+00
 1.00000000e+00
 5.00000000e+00
 2.00000000e+00
 5.00000000e+00
 4.00000000e+00
 4.00000000e+00
 4.00000000e+00
 2.00000000e+00
 0.00000000e+00
 1.00000000e+00
 -1.00000000e+00
 4.00000000e+00
 5.00000000e+00
 5.00000000e+00
 5.00000000e+00
 4.00000000e+00
 3.00000000e+00
 5.00000000e+00
 -2.00000000e+00
 1.00000000e+00
 1.00000000e+00
 4.00000000e+00
 2.00000000e+00
 -2.00000000e+00
 2.00000000e+00
 -3.00000000e+00
 2.00000000e+00
 2.00000000e+00
 4.00000000e+00
 -2.00000000e+00
 5.00000000e+00
 -1.00000000e+00
 -4.00000000e+00
 3.00000000e+00
 -3.00000000e+00
 -6.00000000e+00
 -1.00000000e+00
 -1.00000000e+00
 -2.00000000e+00
 -7.00000000e+00
 1.00000000e+00
 3.00000000e+00
 7.00000000e+00
 2.00000000e+00
 -3.00000000e+00
 0.00000000e+00
 1.00000000e+00
 0.00000000e+00
 4.00000000e+00
 5.00000000e+00
 6.00000000e+00
 2.00000000e+00
 0.00000000e+00
 5.00000000e+00
 6.00000000e+00
 4.00000000e+00
 4.00000000e+00
 5.00000000e+00
 1.00000000e+00
 2.00000000e+00
 2.00000000e+00
 -3.00000000e+00
 -3.00000000e+00
 1.00000000e+00
 4.00000000e+00
 5.00000000e+00
 4.00000000e+00
 -1.00000000e+00
 -3.00000000e+00
 -1.00000000e+00
 1.00000000e+00
 3.00000000e+00
 -1.00000000e+00
 2.00000000e+00
 -2.00000000e+00
 1.00000000e+01
 3.00000000e+00
 1.00000000e+01
 1.00000000e+00
 4.00000000e+00
 4.00000000e+00
 5.00000000e+00
 2.00000000e+00
 3.00000000e+00
 -1.00000000e+00
 4.00000000e+00
 8.00000000e+00
 5.00000000e+00
 8.00000000e+00
 3.00000000e+00
 -1.00000000e+00
 8.00000000e+00
 0.00000000e+00
 3.00000000e+00
 6.00000000e+00
 7.00000000e+00
 -2.00000000e+00
 0.00000000e+00
 -2.00000000e+00
 -4.00000000e+00
 -2.00000000e+00
 4.00000000e+00
 7.00000000e+00
 1.00000000e+00
 -2.00000000e+00
 -1.00000000e+00
 3.00000000e+00
 3.00000000e+00
 0.00000000e+00
 -3.00000000e+00
 2.00000000e+00
 5.00000000e+00
 -3.00000000e+00
 3.00000000e+00
 3.00000000e+00
 2.00000000e+00
 -3.00000000e+00
 0.00000000e+00
 2.00000000e+00
 -6.00000000e+00
 -2.00000000e+00
 -2.00000000e+00
 -2.00000000e+00
 -3.00000000e+00
 -3.00000000e+00
 -5.00000000e+00
 -1.00000000e+00
 0.00000000e+00
 6.00000000e+00
 -1.00000000e+00
 0.00000000e+00
 6.00000000e+00
 -1.00000000e+00
 0.00000000e+00
 -4.00000000e+00
 -3.00000000e+00
 2.00000000e+00
 9.00000000e+00
 0.00000000e+00
 0.00000000e+00
 2.00000000e+00
 3.00000000e+00
 1.00000000e+00
 0.00000000e+00
 -3.00000000e+00
 2.00000000e+00
 3.00000000e+00
 4.00000000e+00
 3.00000000e+00
 3.00000000e+00
 3.00000000e+00
 6.00000000e+00
 4.00000000e+00
 4.00000000e+00
 2.00000000e+00
 3.00000000e+00
 8.00000000e+00
 4.00000000e+00
 -1.00000000e+00
 0.00000000e+00
 5.00000000e+00
 7.00000000e+00
 4.00000000e+00
 1.00000000e+00
 2.00000000e+00
 2.00000000e+00
 3.00000000e+00
 -2.00000000e+00
 4.00000000e+00
 5.00000000e+00
 3.00000000e+00
 3.00000000e+00
 2.00000000e+00
 7.00000000e+00
 5.00000000e+00
 -3.00000000e+00
 -1.00000000e+00
 0.00000000e+00
 1.00000000e+00
 -1.00000000e+00
 3.00000000e+00
 2.00000000e+00
 -1.00000000e+00
 -2.00000000e+00
 -5.00000000e+00
 -6.00000000e+00
 -3.00000000e+00
 2.00000000e+00
 -1.00000000e+00
 0.00000000e+00
 -2.00000000e+00
 -2.00000000e+00
 2.00000000e+00
 -1.00000000e+00
 0.00000000e+00
 0.00000000e+00
 5.00000000e+00
 3.00000000e+00
 0.00000000e+00
 2.00000000e+00
 1.00000000e+01
 3.00000000e+00
 3.00000000e+00
 6.00000000e+00
 -1.00000000e+00
 1.00000000e+00
 3.00000000e+00
 1.00000000e+00
 4.00000000e+00
 0.00000000e+00
 -3.00000000e+00
 2.00000000e+00
 6.00000000e+00
 5.00000000e+00
 6.00000000e+00
 -1.00000000e+00
 6.00000000e+00
 5.00000000e+00
 4.00000000e+00
 -2.00000000e+00
 -3.00000000e+00
 -1.00000000e+00
 1.00000000e+00
 -5.00000000e+00
 0.00000000e+00
 2.00000000e+00
 3.00000000e+00
 0.00000000e+00
 -1.00000000e+00
 5.00000000e+00
 0.00000000e+00
 0.00000000e+00
 5.00000000e+00
 -3.00000000e+00
 2.00000000e+00
 0.00000000e+00
 0.00000000e+00
 5.00000000e+00
 -1.00000000e+00
 -1.00000000e+00
 1.00000000e+00
 0.00000000e+00
 6.00000000e+00
 8.00000000e+00
 -1.00000000e+00
 6.00000000e+00
 0.00000000e+00
 0.00000000e+00
 -2.00000000e+00
 5.00000000e+00
 4.00000000e+00
 2.00000000e+00
 2.00000000e+00
 5.00000000e+00
 1.00000000e+00
 3.00000000e+00
 3.00000000e+00
 -3.00000000e+00
 5.00000000e+00
 -2.00000000e+00
 2.00000000e+00
 -2.00000000e+00
 -1.00000000e+00
 1.00000000e+00
 2.00000000e+00
 0.00000000e+00
 2.00000000e+00
 3.00000000e+00
 0.00000000e+00
 -1.00000000e+00
 3.00000000e+00
 0.00000000e+00
 -1.00000000e+00
 -1.00000000e+00
 -4.00000000e+00
 1.00000000e+00
 1.00000000e+00
 3.00000000e+00
 4.00000000e+00
 1.00000000e+00
 2.00000000e+00
 4.00000000e+00
 -1.00000000e+01
 0.00000000e+00
 -1.00000000e+00
 3.00000000e+00
 -3.00000000e+00
 1.00000000e+00
 1.00000000e+00
 2.00000000e+00
 4.00000000e+00
 8.00000000e+00
 0.00000000e+00
 -1.00000000e+00
 3.00000000e+00
 5.00000000e+00
 1.00000000e+00
 0.00000000e+00
 0.00000000e+00
 -3.00000000e+00
 -4.00000000e+00
 2.00000000e+00
 5.00000000e+00
 1.00000000e+00
 0.00000000e+00
 4.00000000e+00
 0.00000000e+00
 -1.00000000e+00
 6.00000000e+00
 3.00000000e+00
 2.00000000e+00
 -1.00000000e+00
 -1.00000000e+00
 -1.00000000e+00
 3.00000000e+00
 5.00000000e+00
 -1.00000000e+00
 -2.00000000e+00
 -6.00000000e+00
 4.00000000e+00
 0.00000000e+00
 -2.00000000e+00
 -4.00000000e+00
 -1.00000000e+00
 0.00000000e+00
 0.00000000e+00
 -4.00000000e+00
 0.00000000e+00
 -2.00000000e+00
 5.00000000e+00
 2.00000000e+00
 5.00000000e+00
 2.00000000e+00
 1.00000000e+00
 2.00000000e+00
 1.00000000e+00
 2.00000000e+00
 6.00000000e+00
 0.00000000e+00
 1.00000000e+00
 3.00000000e+00
 -1.00000000e+00
 0.00000000e+00
 -3.00000000e+00
 -3.00000000e+00
 1.00000000e+00
 -1.00000000e+00
 4.00000000e+00
 0.00000000e+00
 0.00000000e+00
 -2.00000000e+00
 4.00000000e+00
 6.00000000e+00
 6.00000000e+00
 3.00000000e+00
 0.00000000e+00
 4.00000000e+00
 -1.00000000e+00
 1.00000000e+00
 5.00000000e+00
 -1.00000000e+00
 6.00000000e+00
 6.00000000e+00
 2.00000000e+00
 2.00000000e+00
 5.00000000e+00
 2.00000000e+00
 4.00000000e+00
 5.00000000e+00
 4.00000000e+00
 7.00000000e+00
 1.00000000e+00
 -1.00000000e+00
 -2.00000000e+00
 -2.00000000e+00
 2.00000000e+00
 -1.00000000e+00
 1.00000000e+00
 1.00000000e+00
 0.00000000e+00
 -1.00000000e+00
 2.00000000e+00
 3.00000000e+00
 -1.00000000e+00
 2.00000000e+00
 2.00000000e+00
 4.00000000e+00
 0.00000000e+00
 4.00000000e+00
 -2.00000000e+00
 0.00000000e+00
 7.00000000e+00
 -1.00000000e+00
 3.00000000e+00
 2.00000000e+00
 -1.00000000e+00
 2.00000000e+00
 2.00000000e+00
 0.00000000e+00
 4.00000000e+00
 7.00000000e+00
 3.00000000e+00
 -2.00000000e+00
 2.00000000e+00
 -4.00000000e+00
 3.00000000e+00
 2.00000000e+00
 5.00000000e+00
 -1.00000000e+00
 -1.00000000e+00
 2.00000000e+00
 3.00000000e+00
 4.00000000e+00
 2.00000000e+00
 -3.00000000e+00
 -4.00000000e+00
 0.00000000e+00
 3.00000000e+00
 1.00000000e+00
 -2.00000000e+00
 9.00000000e+00
 2.00000000e+00
 0.00000000e+00
 3.00000000e+00
 -3.00000000e+00
 -1.00000000e+00
 -2.00000000e+00
 5.00000000e+00
 -1.00000000e+00
 0.00000000e+00
 3.00000000e+00
 -2.00000000e+00
 2.00000000e+00
 0.00000000e+00
 -1.00000000e+00
 2.00000000e+00
 -2.00000000e+00
 3.00000000e+00
 -2.00000000e+00
 2.00000000e+00
 3.00000000e+00
 -3.00000000e+00
 1.00000000e+00
 -4.00000000e+00
 4.00000000e+00
 4.00000000e+00
 7.00000000e+00
 -1.00000000e+00
 2.00000000e+00
 0.00000000e+00
 5.00000000e+00
 0.00000000e+00
 3.00000000e+00
 0.00000000e+00
 4.00000000e+00
 0.00000000e+00
 0.00000000e+00
 -4.00000000e+00
 -2.00000000e+00
 -2.00000000e+00
 0.00000000e+00
 1.00000000e+00
 -1.00000000e+00
 3.00000000e+00
 4.00000000e+00
 -1.00000000e+00
 1.00000000e+00
 1.00000000e+00
 1.00000000e+00
 4.00000000e+00
 3.00000000e+00
 0.00000000e+00
 0.00000000e+00
 -2.00000000e+00
 4.00000000e+00
 4.00000000e+00
 2.00000000e+00
 1.00000000e+00
 0.00000000e+00
 0.00000000e+00
 -1.00000000e+00
 -2.00000000e+00
 4.00000000e+00
 3.00000000e+00
 -3.00000000e+00
 -2.00000000e+00
 1.00000000e+00
 3.00000000e+00
 0.00000000e+00
 4.00000000e+00
 -2.00000000e+00
 -1.00000000e+00
 2.00000000e+00
 1.00000000e+00
 -3.00000000e+00
 5.00000000e+00
 1.00000000e+00
 0.00000000e+00
 -1.00000000e+00
 4.00000000e+00
 0.00000000e+00
 -1.00000000e+00
 0.00000000e+00
 2.00000000e+00
 0.00000000e+00
 -4.00000000e+00
 -3.00000000e+00
 4.00000000e+00
 1.00000000e+00
 -2.00000000e+00
 6.00000000e+00
 0.00000000e+00
 -1.00000000e+00
 1.00000000e+00
 3.00000000e+00
 3.00000000e+00
 2.00000000e+00
 2.00000000e+00
 2.00000000e+00
 -2.00000000e+00
 2.00000000e+00
 3.00000000e+00
 1.00000000e+00
 0.00000000e+00
 3.00000000e+00
 -3.00000000e+00
 -4.00000000e+00
 5.00000000e+00
 1.00000000e+00
 3.00000000e+00
 -2.00000000e+00
 3.00000000e+00
 3.00000000e+00
 0.00000000e+00
 2.00000000e+00
 -6.00000000e+00
 -4.00000000e+00
 -1.00000000e+00
 6.00000000e+00
 5.00000000e+00
 3.00000000e+00
 3.00000000e+00
 0.00000000e+00
 9.00000000e+00
 -4.00000000e+00
 2.00000000e+00
 2.00000000e+00
 2.00000000e+00
 0.00000000e+00
 -4.00000000e+00
 5.00000000e+00
 0.00000000e+00
 -4.00000000e+00
 4.00000000e+00
 2.00000000e+00
 1.00000000e+00
 1.00000000e+00
 0.00000000e+00
 1.00000000e+00
 4.00000000e+00
 6.00000000e+00
 0.00000000e+00
 3.00000000e+00
 2.00000000e+00
 3.00000000e+00
 -1.00000000e+00
 3.00000000e+00
 2.00000000e+00
 6.00000000e+00
 -2.00000000e+00
 -1.00000000e+00
 4.00000000e+00
 3.00000000e+00
 2.00000000e+00
 2.00000000e+00
 -3.00000000e+00
 -4.00000000e+00
 -3.00000000e+00
 0.00000000e+00
 3.00000000e+00
 3.00000000e+00
 -3.00000000e+00
 -6.00000000e+00
 3.00000000e+00
 0.00000000e+00
 0.00000000e+00
 2.00000000e+00
 -1.00000000e+00
 3.00000000e+00
 7.00000000e+00
 2.00000000e+00
 -2.00000000e+00
 0.00000000e+00
 2.00000000e+00
 0.00000000e+00
 4.00000000e+00
 -3.00000000e+00
 0.00000000e+00
 1.00000000e+00
 2.00000000e+00
 1.00000000e+00
 0.00000000e+00
 -6.00000000e+00
 1.00000000e+00
 1.00000000e+00
 0.00000000e+00
 2.00000000e+00
 -1.00000000e+00
 -2.00000000e+00
 0.00000000e+00
 1.00000000e+00
 2.00000000e+00
 -4.00000000e+00
 -1.00000000e+00
 -1.00000000e+00
 2.00000000e+00
 2.00000000e+00
 0.00000000e+00
 2.00000000e+00
 -5.00000000e+00
 -1.00000000e+00
 0.00000000e+00
 5.00000000e+00
 8.00000000e+00
 7.00000000e+00
 -3.80000000e+01
 -1.83000000e+02
 -3.96000000e+02
 -5.29000000e+02
 -3.01000000e+02
 4.04000000e+02
 1.28400000e+03
 1.76800000e+03
 1.27300000e+03
 -9.70000000e+01
 -1.59600000e+03
 -2.04700000e+03
 -1.70300000e+03
 -3.00000000e+02
 9.39000000e+02
 1.37500000e+03
 1.05700000e+03
 4.06000000e+02
 -1.59000000e+02
 -4.38000000e+02
 -4.25000000e+02
 -2.93000000e+02
 -1.56000000e+02
 -5.20000000e+01
 4.60000000e+01
 1.25000000e+02
 1.71000000e+02
 1.78000000e+02
 1.12000000e+02
 -8.00000000e+00
 -1.02000000e+02
 -1.20000000e+02
 -7.20000000e+01
 1.00000000e+00
 5.50000000e+01
 6.10000000e+01
 3.40000000e+01
 0.00000000e+00
 -1.00000000e+01
 -1.10000000e+01
 -4.00000000e+00
 -3.00000000e+00
 6.00000000e+00
 4.00000000e+00
 2.00000000e+00
 1.80000000e+01
 2.70000000e+01
 2.40000000e+01
 -3.00000000e+00
 -3.40000000e+01
 -4.00000000e+01
 -1.50000000e+01
 1.30000000e+01
 2.60000000e+01
 2.20000000e+01
 1.10000000e+01
 1.40000000e+01
 8.00000000e+00
 -1.00000000e+00
 -2.00000000e+01
 -3.50000000e+01
 -2.20000000e+01
 4.00000000e+00
 2.90000000e+01
 3.50000000e+01
 2.80000000e+01
 1.80000000e+01
 -1.10000000e+01
 -2.20000000e+01
 -2.40000000e+01
 -1.80000000e+01
 -1.00000000e+01
 9.00000000e+00
 1.50000000e+01
 2.00000000e+01
 1.30000000e+01
 -4.00000000e+00
 -3.00000000e+01
 -3.50000000e+01
 -1.20000000e+01
 1.30000000e+01
 3.30000000e+01
 2.40000000e+01
 1.40000000e+01
 0.00000000e+00
 -1.00000000e+01
 -1.70000000e+01
 -1.10000000e+01
 -9.00000000e+00
 9.00000000e+00
 9.00000000e+00
 6.00000000e+00
 -2.00000000e+00
 0.00000000e+00
 3.00000000e+00
 1.10000000e+01
 9.00000000e+00
 -2.00000000e+00
 -7.00000000e+00
 -1.40000000e+01
 -6.00000000e+00
 8.00000000e+00
 1.80000000e+01
 1.70000000e+01
 1.00000000e+01
 -5.00000000e+00
 -1.50000000e+01
 -1.50000000e+01
 0.00000000e+00
 3.00000000e+00
 4.00000000e+00
 5.00000000e+00
 1.00000000e+00
 -4.00000000e+00
 -3.00000000e+00
 1.00000000e+00
 1.00000000e+00
 5.00000000e+00
 -1.00000000e+00
 -7.00000000e+00
 -3.00000000e+00
 3.00000000e+00
 -2.00000000e+00
 3.00000000e+00
 4.00000000e+00
 3.00000000e+00
 5.00000000e+00
 1.20000000e+01
 3.00000000e+00
 2.00000000e+00
 -8.00000000e+00
 -1.00000000e+01
 -8.00000000e+00
 -7.00000000e+00
 4.00000000e+00
 8.00000000e+00
 8.00000000e+00
 4.00000000e+00
 -1.00000000e+00
 -4.00000000e+00
 -1.00000000e+00
 -6.00000000e+00
 1.00000000e+00
 9.00000000e+00
 1.20000000e+01
 5.00000000e+00
 0.00000000e+00
 -1.30000000e+01
 -2.00000000e+01
 -1.40000000e+01
 -1.00000000e+01
 3.00000000e+00
 1.80000000e+01
 2.20000000e+01
 2.60000000e+01
 2.00000000e+01
 1.30000000e+01
 -7.00000000e+00
 -2.70000000e+01
 -4.10000000e+01
 -3.70000000e+01
 -2.40000000e+01
 4.00000000e+00
 3.40000000e+01
 5.00000000e+01
 4.30000000e+01
 2.10000000e+01
 -1.10000000e+01
 -4.20000000e+01
 -5.30000000e+01
 -3.40000000e+01
 5.00000000e+00
 3.70000000e+01
 6.20000000e+01
 5.20000000e+01
 2.00000000e+01
 -2.20000000e+01
 -5.60000000e+01
 -5.50000000e+01
 -2.50000000e+01
 1.40000000e+01
 5.30000000e+01
 5.50000000e+01
 3.40000000e+01
 -1.00000000e+00
 -3.90000000e+01
 -4.50000000e+01
 -2.70000000e+01
 5.00000000e+00
 3.00000000e+01
 2.90000000e+01
 1.60000000e+01
 -1.00000000e+00
 -1.40000000e+01
 -1.10000000e+01
 -2.00000000e+00
 5.00000000e+00
 8.00000000e+00
 1.30000000e+01
 1.50000000e+01
 2.00000000e+00
 -1.50000000e+01
 -2.50000000e+01
 -1.50000000e+01
 1.00000000e+01
 1.80000000e+01
 1.50000000e+01
 5.00000000e+00
 -3.00000000e+00
 -1.00000000e+00
 1.30000000e+01
 2.20000000e+01
 4.00000000e+00
 -3.10000000e+01
 -5.30000000e+01
 -3.90000000e+01
 9.00000000e+00
 6.50000000e+01
 9.00000000e+01
 4.90000000e+01
 -2.00000000e+01
 -8.00000000e+01
 -8.70000000e+01
 -4.30000000e+01
 3.60000000e+01
 1.00000000e+02
 9.60000000e+01
 2.00000000e+01
 -6.90000000e+01
 -1.09000000e+02
 -6.10000000e+01
 3.00000000e+01
 1.05000000e+02
 9.80000000e+01
 1.00000000e+01
 -8.60000000e+01
 -1.03000000e+02
 -5.80000000e+01
 3.80000000e+01
 9.30000000e+01
 8.70000000e+01
 2.60000000e+01
 -6.10000000e+01
 -9.10000000e+01
 -4.50000000e+01
 2.80000000e+01
 7.30000000e+01
 5.80000000e+01
 1.30000000e+01
 -5.00000000e+01
 -6.90000000e+01
 -3.70000000e+01
 1.40000000e+01
 4.50000000e+01
 3.30000000e+01
 1.20000000e+01
 1.00000000e+00
 -1.30000000e+01
 -1.90000000e+01
 -9.00000000e+00
 0.00000000e+00
 -3.00000000e+01
 -2.70000000e+01
 2.50000000e+01
 6.40000000e+01
 7.60000000e+01
 5.00000000e+01
 -3.30000000e+01
 -1.01000000e+02
 -1.00000000e+02
 -4.00000000e+00
 8.20000000e+01
 9.50000000e+01
 4.00000000e+00
 -1.16000000e+02
 -1.67000000e+02
 -8.90000000e+01
 8.70000000e+01
 2.17000000e+02
 2.15000000e+02
 7.00000000e+01
 -1.09000000e+02
 -1.87000000e+02
 -1.38000000e+02
 -1.20000000e+01
 7.10000000e+01
 8.10000000e+01
 3.90000000e+01
 6.00000000e+00
 2.10000000e+01
 4.30000000e+01
 3.90000000e+01
 -2.10000000e+01
 -9.70000000e+01
 -1.36000000e+02
 -1.00000000e+02
 -7.00000000e+00
 7.00000000e+01
 9.20000000e+01
 7.60000000e+01
 5.40000000e+01
 3.30000000e+01
 1.40000000e+01
 -1.80000000e+01
 -6.80000000e+01
 -1.08000000e+02
 -8.20000000e+01
 1.70000000e+01
 1.20000000e+02
 1.41000000e+02
 7.00000000e+01
 -1.90000000e+01
 -8.60000000e+01
 -8.40000000e+01
 -3.80000000e+01
 5.00000000e+00
 7.00000000e+00
 -1.00000000e+00
 1.10000000e+01
 1.80000000e+01
 1.80000000e+01
 -4.00000000e+00
 -1.00000000e+01
 2.00000000e+00
 3.10000000e+01
 3.90000000e+01
 2.30000000e+01
 -6.00000000e+00
 -2.30000000e+01
 -2.50000000e+01
 -2.20000000e+01
 -2.50000000e+01
 -7.00000000e+00
 1.50000000e+01
 2.70000000e+01
 2.60000000e+01
 4.00000000e+00
 -2.20000000e+01
 -3.10000000e+01
 -2.40000000e+01
 -3.00000000e+00
 9.00000000e+00
 3.10000000e+01
 3.90000000e+01
 3.10000000e+01
 0.00000000e+00
 -2.80000000e+01
 -3.70000000e+01
 -2.00000000e+01
 -1.00000000e+00
 1.50000000e+01
 1.40000000e+01
 2.00000000e+01
 1.60000000e+01
 -2.00000000e+00
 -1.30000000e+01
 -1.60000000e+01
 4.00000000e+00
 1.50000000e+01
 1.60000000e+01
 4.00000000e+00
 -5.00000000e+00
 -1.20000000e+01
 -1.90000000e+01
 -1.70000000e+01
 -8.00000000e+00
 1.10000000e+01
 3.30000000e+01
 3.50000000e+01
 2.20000000e+01
 -6.00000000e+00
 -2.20000000e+01
 -3.50000000e+01
 -2.80000000e+01
 -1.50000000e+01
 1.60000000e+01
 3.50000000e+01
 4.40000000e+01
 2.20000000e+01
 5.00000000e+00
 -2.00000000e+01
 -3.80000000e+01
 -3.70000000e+01
 -1.90000000e+01
 4.00000000e+00
 3.00000000e+01
 3.90000000e+01
 3.30000000e+01
 9.00000000e+00
 -1.50000000e+01
 -3.40000000e+01
 -3.50000000e+01
 -1.80000000e+01
 1.10000000e+01
 2.70000000e+01
 4.00000000e+01
 1.80000000e+01
 0.00000000e+00
 -2.30000000e+01
 -2.80000000e+01
 -2.20000000e+01
 2.00000000e+00
 1.70000000e+01
 3.10000000e+01
 2.80000000e+01
 1.00000000e+01
 -1.30000000e+01
 -2.60000000e+01
 -1.70000000e+01
 -2.00000000e+00
 1.10000000e+01
 1.90000000e+01
 1.00000000e+01
 1.00000000e+00
 -5.00000000e+00
 -7.00000000e+00
 7.00000000e+00
 1.70000000e+01
 2.10000000e+01
 5.00000000e+00
 -6.00000000e+00
 -2.20000000e+01
 -2.40000000e+01
 -9.00000000e+00
 8.00000000e+00
 3.10000000e+01
 2.70000000e+01
 2.10000000e+01
 -4.00000000e+00
 -2.10000000e+01
 -2.60000000e+01
 -1.60000000e+01
 3.00000000e+00
 1.30000000e+01
 2.00000000e+01
 2.10000000e+01
 1.90000000e+01
 -4.00000000e+00
 -2.30000000e+01
 -2.80000000e+01
 -2.30000000e+01
 6.00000000e+00
 3.20000000e+01
 2.90000000e+01
 1.10000000e+01
 -1.90000000e+01
 -2.70000000e+01
 -1.30000000e+01
 8.00000000e+00
 2.20000000e+01
 1.00000000e+01
 -9.00000000e+00
 -1.80000000e+01
 -1.50000000e+01
 1.10000000e+01
 2.40000000e+01
 2.10000000e+01
 5.00000000e+00
 -2.20000000e+01
 -2.60000000e+01
 -8.00000000e+00
 1.80000000e+01
 3.30000000e+01
 2.80000000e+01
 8.00000000e+00
 -1.10000000e+01
 -2.90000000e+01
 -2.00000000e+01
 -4.00000000e+00
 1.60000000e+01
 1.30000000e+01
 7.00000000e+00
 -2.00000000e+00
 -6.00000000e+00
 -3.00000000e+00
 6.00000000e+00
 1.40000000e+01
 5.00000000e+00
 -6.00000000e+00
 -1.20000000e+01
 -1.20000000e+01
 4.00000000e+00
 2.60000000e+01
 2.60000000e+01
 1.40000000e+01
 -1.10000000e+01
 -2.20000000e+01
 -2.50000000e+01
 -1.00000000e+01
 1.00000000e+01
 2.00000000e+01
 1.30000000e+01
 7.00000000e+00
 -1.00000000e+00
 2.00000000e+00
 0.00000000e+00
 -4.00000000e+00
 -5.00000000e+00
 -1.20000000e+01
 -4.00000000e+00
 9.00000000e+00
 1.20000000e+01
 1.20000000e+01
 4.00000000e+00
 -6.00000000e+00
 -1.30000000e+01
 -8.00000000e+00
 1.00000000e+00
 1.60000000e+01
 -9.00000000e+00
 -2.00000000e+01
 -1.40000000e+01
 1.00000000e+00
 1.40000000e+01
 3.10000000e+01
 3.30000000e+01
 1.00000000e+01
 -2.00000000e+01
 -3.40000000e+01
 -2.20000000e+01
 -8.00000000e+00
 1.30000000e+01
 2.40000000e+01
 1.80000000e+01
 -1.00000000e+00
 -1.50000000e+01
 -1.00000000e+01
 9.00000000e+00
 1.90000000e+01
 2.70000000e+01
 1.20000000e+01
 -1.00000000e+01
 -3.00000000e+01
 -3.20000000e+01
 -1.10000000e+01
 1.50000000e+01
 3.20000000e+01
 3.10000000e+01
 1.80000000e+01
 -5.00000000e+00
 -2.50000000e+01
 -2.80000000e+01
 -2.60000000e+01
 -1.20000000e+01
 1.10000000e+01
 2.60000000e+01
 3.10000000e+01
 2.00000000e+01
 5.00000000e+00
 -2.50000000e+01
 -3.00000000e+01
 -2.30000000e+01
 -2.00000000e+00
 2.20000000e+01
 3.20000000e+01
 2.10000000e+01
 -2.00000000e+00
 -2.40000000e+01
 -3.10000000e+01
 -1.30000000e+01
 2.00000000e+01
 2.80000000e+01
 2.60000000e+01
 0.00000000e+00
 -2.20000000e+01
 -1.80000000e+01
 2.00000000e+00
 1.40000000e+01
 1.60000000e+01
 1.30000000e+01
 2.00000000e+00
 -1.70000000e+01
 -8.00000000e+00
 4.00000000e+00
 1.10000000e+01
 1.40000000e+01
 1.00000000e+01
 3.00000000e+00
 -7.00000000e+00
 -8.00000000e+00
 -3.00000000e+00
 -4.00000000e+00
 4.00000000e+00
 9.00000000e+00
 1.20000000e+01
 8.00000000e+00
 -1.20000000e+01
 -7.00000000e+00
 -4.00000000e+00
 4.00000000e+00
 5.00000000e+00
 9.00000000e+00
 0.00000000e+00
 -5.00000000e+00
 -2.00000000e+00
 1.00000000e+00
 0.00000000e+00
 8.00000000e+00
 1.00000000e+00
 6.00000000e+00
 2.00000000e+00
 -9.00000000e+00
 -1.30000000e+01
 -1.00000000e+01
 3.00000000e+00
 1.70000000e+01
 1.40000000e+01
 8.00000000e+00
 1.00000000e+00
 -9.00000000e+00
 2.00000000e+00
 7.00000000e+00
 1.00000000e+01
 5.00000000e+00
 -4.00000000e+00
 -1.00000000e+00
 1.00000000e+00
 1.50000000e+01
 1.30000000e+01
 1.00000000e+01
 -4.00000000e+00
 -6.00000000e+00
 -5.00000000e+00
 -2.00000000e+01
 -1.10000000e+01
 -8.00000000e+00
 1.10000000e+01
 1.60000000e+01
 9.00000000e+00
 -7.00000000e+00
 -1.20000000e+01
 -8.00000000e+00
 2.00000000e+00
 1.90000000e+01
 1.50000000e+01
 8.00000000e+00
 -3.00000000e+00
 -2.40000000e+01
 -2.90000000e+01
 -1.00000000e+00
 3.60000000e+01
 4.30000000e+01
 2.10000000e+01
 -1.70000000e+01
 -3.30000000e+01
 -2.50000000e+01
 4.00000000e+00
 1.20000000e+01
 2.30000000e+01
 6.00000000e+00
 -7.00000000e+00
 -8.00000000e+00
 -1.30000000e+01
 -1.00000000e+01
 -1.00000000e+00
 3.00000000e+00
 -2.00000000e+00
 -7.00000000e+00
 -1.10000000e+01
 -3.00000000e+00
 8.00000000e+00
 1.60000000e+01
 1.70000000e+01
 2.00000000e+00
 -2.00000000e+00
 -8.00000000e+00
 1.00000000e+00
 5.00000000e+00
 2.00000000e+00
 -6.00000000e+00
 -7.00000000e+00
 -1.00000000e+01
 4.00000000e+00
 1.60000000e+01
 1.60000000e+01
 9.00000000e+00
 -3.00000000e+00
 -2.00000000e+00
 -4.00000000e+00
 -1.00000000e+00
 2.00000000e+00
 -9.00000000e+00
 -1.00000000e+01
 -9.00000000e+00
 4.00000000e+00
 1.60000000e+01
 3.10000000e+01
 2.20000000e+01
 -2.00000000e+00
 -2.00000000e+01
 -3.20000000e+01
 -2.10000000e+01
 1.00000000e+00
 2.00000000e+01
 2.10000000e+01
 1.90000000e+01
 4.00000000e+00
 -2.00000000e+00
 0.00000000e+00
 -1.00000000e+00
 -5.00000000e+00
 -1.50000000e+01
 -1.30000000e+01
 1.00000000e+00
 1.30000000e+01
 1.70000000e+01
 1.50000000e+01
 9.00000000e+00
 1.00000000e+00
 -5.00000000e+00
 -1.00000000e+01
 -9.00000000e+00
 4.00000000e+00
 -1.00000000e+00
 1.20000000e+01
 1.20000000e+01
 9.00000000e+00
 7.00000000e+00
 -4.00000000e+00
 -6.00000000e+00
 -1.10000000e+01
 -8.00000000e+00
 0.00000000e+00
 5.00000000e+00
 1.20000000e+01
 1.50000000e+01
 1.10000000e+01
 2.00000000e+00
 -1.00000000e+01
 -1.70000000e+01
 -1.50000000e+01
 3.00000000e+00
 9.00000000e+00
 1.40000000e+01
 1.00000000e+01
 2.00000000e+00
 -7.00000000e+00
 -1.80000000e+01
 -8.00000000e+00
 -5.00000000e+00
 4.00000000e+00
 5.00000000e+00
 9.00000000e+00
 7.00000000e+00
 8.00000000e+00
 -4.00000000e+00
 -1.40000000e+01
 -2.30000000e+01
 -1.20000000e+01
 8.00000000e+00
 3.40000000e+01
 3.40000000e+01
 1.30000000e+01
 -3.00000000e+00
 -2.20000000e+01
 -2.50000000e+01
 -1.10000000e+01
 1.00000000e+01
 2.60000000e+01
 2.40000000e+01
 7.00000000e+00
 -1.10000000e+01
 -1.70000000e+01
 -1.30000000e+01
 -4.00000000e+00
 6.00000000e+00
 1.50000000e+01
 2.10000000e+01
 7.00000000e+00
 1.00000000e+00
 -1.70000000e+01
 -1.60000000e+01
 -6.00000000e+00
 1.00000000e+01
 1.10000000e+01
 1.40000000e+01
 5.00000000e+00
 -1.20000000e+01
 -4.00000000e+00
 -4.00000000e+00
 6.00000000e+00
 8.00000000e+00
 1.10000000e+01
 -3.00000000e+00
 -5.00000000e+00
 -7.00000000e+00
 -1.00000000e+00
 3.00000000e+00
 6.00000000e+00
 2.00000000e+00
 7.00000000e+00
 3.00000000e+00
 -4.00000000e+00
 -6.00000000e+00
 -7.00000000e+00
 -2.00000000e+00
 7.00000000e+00
 1.00000000e+00
 5.00000000e+00
 4.00000000e+00
 -4.00000000e+00
 -1.00000000e+01
 -1.40000000e+01
 0.00000000e+00
 2.00000000e+00
 1.40000000e+01
 9.00000000e+00
 8.00000000e+00
 -1.00000000e+01
 -1.10000000e+01
 2.00000000e+00
 5.00000000e+00
 5.00000000e+00
 -2.00000000e+00
 -8.00000000e+00
 -1.00000000e+01
 -4.00000000e+00
 9.00000000e+00
 1.10000000e+01
 1.30000000e+01
 4.00000000e+00
 -2.00000000e+00
 -3.00000000e+00
 2.00000000e+00
 1.00000000e+00
 2.00000000e+00
 5.00000000e+00
 -2.00000000e+00
 0.00000000e+00
 -4.00000000e+00
 -1.00000000e+01
 -5.00000000e+00
 -9.00000000e+00
 4.00000000e+00
 1.40000000e+01
 2.10000000e+01
 1.50000000e+01
 4.00000000e+00
 -6.00000000e+00
 -2.20000000e+01
 -1.70000000e+01
 -8.00000000e+00
 8.00000000e+00
 1.40000000e+01
 1.30000000e+01
 8.00000000e+00
 4.00000000e+00
 -8.00000000e+00
 -1.00000000e+01
 -8.00000000e+00
 -1.00000000e+01
 -6.00000000e+00
 1.00000000e+00
 6.00000000e+00
 7.00000000e+00
 1.30000000e+01
 8.00000000e+00
 3.00000000e+00
 -2.00000000e+00
 -9.00000000e+00
 -1.10000000e+01
 -5.00000000e+00
 -5.00000000e+00
 4.00000000e+00
 1.70000000e+01
 2.00000000e+01
 1.80000000e+01
 3.00000000e+00
 -8.00000000e+00
 -1.40000000e+01
 -1.20000000e+01
 -4.00000000e+00
 6.00000000e+00
 1.90000000e+01
 9.00000000e+00
 3.00000000e+00
 1.00000000e+00
 -1.00000000e+00
 -1.00000000e+00
 -1.00000000e+00
 -2.00000000e+00
 -1.60000000e+01
 -1.00000000e+01
 2.00000000e+00
 1.70000000e+01
 2.10000000e+01
 1.10000000e+01
 -4.00000000e+00
 -1.20000000e+01
 -9.00000000e+00
 -5.00000000e+00
 0.00000000e+00
 9.00000000e+00
 1.20000000e+01
 2.00000000e+00
 -9.00000000e+00
 -8.00000000e+00
 -2.00000000e+00
 -4.00000000e+00
 -1.00000000e+00
 3.00000000e+00
 6.00000000e+00
 9.00000000e+00
 8.00000000e+00
 3.00000000e+00
 -2.00000000e+00
 -2.10000000e+01
 -1.70000000e+01
 -7.00000000e+00
 1.20000000e+01
 2.00000000e+01
 1.60000000e+01
 1.20000000e+01
 -9.00000000e+00
 -1.00000000e+01
 -6.00000000e+00
 8.00000000e+00
 1.50000000e+01
 4.00000000e+00
 -2.00000000e+00
 -7.00000000e+00
 0.00000000e+00
 0.00000000e+00
 -3.00000000e+00
 6.00000000e+00
 9.00000000e+00
 8.00000000e+00
 -1.00000000e+00
 -3.00000000e+00
 -4.00000000e+00
 -7.00000000e+00
 -8.00000000e+00
 -8.00000000e+00
 -6.00000000e+00
 -3.00000000e+00
 7.00000000e+00
 1.40000000e+01
 7.00000000e+00
 4.00000000e+00
 0.00000000e+00
 -3.00000000e+00
 1.00000000e+00
 2.00000000e+00
 6.00000000e+00
 2.00000000e+00
 0.00000000e+00
 -2.00000000e+00
 8.00000000e+00
 6.00000000e+00
 2.00000000e+00
 -4.00000000e+00
 -1.00000000e+01
 -7.00000000e+00
 -4.00000000e+00
 6.00000000e+00
 1.70000000e+01
 1.50000000e+01
 7.00000000e+00
 -8.00000000e+00
 -1.20000000e+01
 -9.00000000e+00
 -5.00000000e+00
 -1.00000000e+00
 -3.00000000e+00
 1.00000000e+00
 2.00000000e+00
 3.00000000e+00
 9.00000000e+00
 8.00000000e+00
 1.00000000e+01
 4.00000000e+00
 6.00000000e+00
 -1.00000000e+00
 -6.00000000e+00
 -9.00000000e+00
 -4.00000000e+00
 4.00000000e+00
 6.00000000e+00
 -2.00000000e+00
 2.00000000e+00
 3.00000000e+00
 1.60000000e+01
 8.00000000e+00
 3.00000000e+00
 0.00000000e+00
 -5.00000000e+00
 -3.00000000e+00
 9.00000000e+00
 6.00000000e+00
 6.00000000e+00
 -3.00000000e+00
 -5.00000000e+00
 -3.00000000e+00
 4.00000000e+00
 1.40000000e+01
 1.00000000e+01
 8.00000000e+00
 -9.00000000e+00
 -1.10000000e+01
 -6.00000000e+00
 -4.00000000e+00
 7.00000000e+00
 9.00000000e+00
 1.20000000e+01
 1.10000000e+01
 9.00000000e+00
 1.00000000e+00
 -6.00000000e+00
 -2.00000000e+00
 -6.00000000e+00
 0.00000000e+00
 8.00000000e+00
 1.50000000e+01
 1.30000000e+01
 -2.00000000e+00
 -5.00000000e+00
 -5.00000000e+00
 -4.00000000e+00
 3.00000000e+00
 2.00000000e+00
 1.00000000e+00
 -5.00000000e+00
 -1.00000000e+00
 2.00000000e+00
 3.00000000e+00
 7.00000000e+00
 1.00000000e+00
 -2.00000000e+00
 -3.00000000e+00
 -7.00000000e+00
 -8.00000000e+00
 -4.00000000e+00
 -2.00000000e+00
 9.00000000e+00
 1.00000000e+00
 1.60000000e+01
 1.10000000e+01
 -1.00000000e+00
 -8.00000000e+00
 -1.40000000e+01
 -7.00000000e+00
 2.00000000e+00
 1.20000000e+01
 5.00000000e+00
 -2.00000000e+00
 -2.00000000e+00
 5.00000000e+00
 3.00000000e+00
 1.40000000e+01
 1.00000000e+01
 -4.00000000e+00
 -2.00000000e+00
 -5.00000000e+00
 -5.00000000e+00
 8.00000000e+00
 8.00000000e+00
 8.00000000e+00
 4.00000000e+00
 1.10000000e+01
 -2.00000000e+00
 1.00000000e+00
 6.00000000e+00
 4.00000000e+00
 2.00000000e+00
 -4.00000000e+00
 -1.00000000e+01
 -4.00000000e+00
 -2.00000000e+00
 5.00000000e+00
 4.00000000e+00
 2.00000000e+00
 4.00000000e+00
 2.00000000e+00
 -6.00000000e+00
 -5.00000000e+00
 -9.00000000e+00
 0.00000000e+00
 -1.00000000e+00
 3.00000000e+00
 8.00000000e+00
 2.00000000e+00
 -6.00000000e+00
 -8.00000000e+00
 -1.00000000e+01
 5.00000000e+00
 1.10000000e+01
 8.00000000e+00
 1.10000000e+01
 3.00000000e+00
 -1.00000000e+00
 1.00000000e+00
 -9.00000000e+00
 -8.00000000e+00
 1.00000000e+00
 3.00000000e+00
 1.20000000e+01
 8.00000000e+00
 9.00000000e+00
 8.00000000e+00
 -3.00000000e+00
 -6.00000000e+00
 -2.00000000e+00
 0.00000000e+00
 0.00000000e+00
 3.00000000e+00
 6.00000000e+00
 5.00000000e+00
 4.00000000e+00
 2.00000000e+00
 -5.00000000e+00
 -2.00000000e+00
 -6.00000000e+00
 -5.00000000e+00
 6.00000000e+00
 -3.00000000e+00
 1.00000000e+01
 7.00000000e+00
 3.00000000e+00
 -1.00000000e+00
 0.00000000e+00
